[Project1] 22406 1588144358.760873525 1588144359.500235469
[Project1] 22407 1588144360.242659624 1588144360.979173335
[Project1] 22408 1588144361.722323966 1588144362.463078305
[Project1] 22409 1588144363.200352562 1588144363.936862194
[Project1] 22411 1588144364.684437088 1588144365.423270606
[Project1] 22412 1588144366.167145238 1588144366.903154043
[Project1] 22413 1588144367.643283110 1588144368.377174078
[Project1] 22414 1588144369.124039535 1588144369.860340179
[Project1] 22415 1588144370.600588814 1588144371.340484653
[Project1] 22416 1588144372.083196215 1588144372.822430427

